4294967294,0
4294967279,291
4294967294,1417
4294967279,290
4294967278,564
4294967278,563
4294967278,562
4294967279,375
4294967278,561
4294967279,374
4294967278,560
4294967279,373
4294967278,559
4294967279,372
4294967278,558
8,2
4294967278,557
4294967278,556
4294967279,371
4294967294,416
4294967294,52
4294967279,272
4294967278,555
4294967294,5
4294967294,7
4294967294,6
5,5
4294967279,285
6,4
5,4
4294967294,428
4294967294,203
4294967294,1414
4294967294,83
4294967294,92
4294967294,88
8,5
4294967278,319
4294967278,132
4294967278,131
4294967278,317
4294967278,130
4294967278,129
4294967278,128
4294967278,127
4294967278,126
4294967278,125
4294967278,124
4294967278,123
4294967278,122
4294967278,121
4294967278,120
4294967278,119
4294967278,118
4294967278,117
4294967278,116
4294967278,115
4294967278,114
4294967278,113
4294967278,112
4294967278,111
4294967278,110
4294967278,109
4294967278,108
4294967278,107
4294967278,106
4294967278,105
4294967278,104
4294967278,103
4294967278,102
4294967278,101
4294967278,100
4294967278,99
4294967278,98
4294967278,97
4294967278,96
4294967278,95
4294967278,94
4294967278,93
4294967278,92
4294967278,91
4294967278,90
4294967278,89
4294967278,87
4294967278,86
4294967278,85
4294967278,84
4294967278,83
4294967278,82
4294967278,81
4294967278,80
4294967278,79
4294967278,78
4294967278,77
4294967278,76
4294967278,75
4294967278,74
4294967278,73
4294967278,72
4294967278,71
4294967278,70
4294967278,69
4294967278,68
4294967278,67
4294967278,66
4294967278,65
4294967278,64
4294967278,63
4294967278,62
4294967278,61
4294967278,60
4294967278,59
4294967278,58
4294967278,57
4294967278,56
4294967278,55
4294967278,54
4294967278,53
4294967278,52
4294967278,51
4294967279,52
4294967279,50
4294967279,48
4294967279,46
4294967279,44
4294967279,36
4294967279,33
4294967279,32
4294967279,30
4294967279,28
4294967279,26
4294967279,24
4294967279,23
4294967279,22
4294967279,20
4294967279,18
4294967279,15
4294967279,277
4294967279,7
4294967279,6
4294967279,257
4294967279,5
4294967279,275
4294967279,4
4294967294,30
4294967294,18
4294967278,554
4294967279,278
0,5
4294967278,553
4294967278,0
4294967294,81
4294967279,370
4294967279,0
4294967279,9
4294967279,8
4294967279,261
4294967294,50
4294967294,11
4294967294,991
4294967294,989
4294967294,144
4294967294,143
4294967294,141
4294967294,140
4294967294,135
4294967294,1018
4294967294,993
4294967294,990
4294967294,988
4294967294,60
4294967294,93
4294967294,95
4294967294,43
8,4
7,4
3,4
4294967294,44
4294967294,51
4294967294,470
4294967294,25
4294967294,1017
4294967294,27
4294967294,82
4294967294,68
4294967294,12
4294967294,67
4294967279,369
4294967278,552
4294967278,551
4294967279,368
13,7
13,6
13,5
4294967279,367
13,4
4294967278,550
13,3
13,2
13,1
4294967278,549
4294967279,366
4294967279,365
4294967278,548
4294967278,547
4294967279,364
12,5
12,4
12,3
12,2
12,1
4294967279,363
4294967278,546
4294967279,362
4294967278,545
4294967279,361
4294967279,360
4294967279,359
4294967278,544
4294967279,358
4294967279,357
4294967278,543
4294967278,542
4294967279,356
4294967278,541
4294967279,355
4294967278,540
4294967279,354
4294967278,539
4294967278,538
4294967279,353
4294967278,537
4294967279,352
4294967278,536
4294967279,351
4294967278,535
4294967278,534
4294967279,350
4294967278,533
4294967279,349
4294967278,532
4294967279,348
4294967278,531
4294967278,530
4294967279,347
4294967279,346
4294967278,529
11,6
11,5
11,4
11,3
11,2
11,1
4294967279,345
4294967278,528
4294967279,344
4294967278,527
4294967278,526
4294967279,343
10,5
10,4
10,3
10,2
10,1
4294967278,525
4294967279,342
4294967278,524
4294967278,523
4294967279,341
4294967279,340
4294967278,522
4294967279,339
4294967278,521
4294967279,338
4294967278,520
4294967279,337
4294967279,336
4294967278,519
4294967279,335
4294967279,334
4294967278,518
4294967279,333
4294967279,332
4294967278,517
4294967279,331
4294967279,330
4294967279,329
4294967278,516
4294967278,515
4294967279,328
4294967293,131
4294967293,130
4294967293,129
4294967293,128
4294967293,127
4294967293,126
4294967293,125
4294967293,124
4294967293,123
4294967293,122
4294967293,121
4294967293,120
4294967293,119
4294967293,118
4294967293,117
4294967293,116
4294967293,115
4294967293,114
4294967293,113
4294967293,112
4294967293,111
4294967293,110
4294967293,109
4294967293,108
